Cara Hines          822668548  1006     95184    9518      9095   86089      10
Aleah Mccann        486229863  1002     55044    5504      2746   52298       5
Kiera Silva         963334433  1003     81948    8195      6474   75474       8
Paula Ball          953300891  1003    106536   10654     11343   95193      11
Aliana Ali          146897162  1000     72264    7226      4606   67658       6
Noemi Melendez      985884810  1005    110664   11066     12160   98504      11
Lily Farley         685256803  1005     40644    4064      1191   39453       3
Tyler Barnett       552026759  1005     68004    6800      4145   63859       6
Marcel Huber        611228167  1006     67248    6725      4064   63184       6
Janiah Hodge        632872144  1003    108624   10862     11756   96868      11
June Huber          317609995  1005     47580    4758      1940   45640       4
Kyla Avila          551834716  1000    640188   64019    168005  472183      26
Bianca Day          651393707  1005     83952    8395      6871   77081       8
Hailee Turner       918946452  1005     81936    8194      6472   75464       8
Lyla Bean           641385513  1003     99360    9936      9922   89438      10
Selena Beard        860400116  1005     43224    4322      1469   41755       3
Reagan Rivers       748597749  1005     44676    4468      1626   43050       4
Kristin Coffey      609089154  1004     47460    4746      1927   45533       4
Anna Cook           450441910  1006     94464    9446      8952   85512       9
Quinton Frank       458119667  1006    100752   10075     10197   90555      10
Aarav Sloan         816766736  1000     54132    5413      2647   51485       5
Ireland Vaughn      621172820  1004     69816    6982      4341   65475       6
Sebastian Decker    225748204  1002     64512    6451      3768   60744       6
Randall Solomon     477529455  1004    106800   10680     11395   95405      11
Adalyn Hendrix      688213620  1003     97848    9785      9622   88226      10
Yaretzi Trujillo    571629638  1005    105828   10583     11202   94626      11
Michaela Newman     306889471  1004     84612    8461      7002   77610       8
Morgan Nicholson    979714719  1004     75852    7585      5267   70585       7
Arianna Cooke       617980112  1003     58944    5894      3167   55777       5
Aliya Barrera       922922925  1000    117636   11764     13540  104096      12
Laylah Booker       138571710  1005     74472    7447      4994   69478       7
Carlo Hoover        569129703  1006     52248    5225      2444   49804       5
Donovan Spence      718944492  1001     43392    4339      1487   41905       3
Mckenzie Waters     616470223  1002     73788    7379      4858   68930       7
Adriana Lucas       233183215  1003     79188    7919      5928   73260       7
Deanna Benton       307772035  1000     43212    4321      1468   41744       3
Zaiden Hampton      439235114  1004     45204    4520      1683   43521       4
Reed Duffy          204435797  1002     50112    5011      2213   47899       4
Zackary Blackwell   340086211  1003     80196    8020      6127   74069       8
Lauren Gonzales     946638656  1000    204000   20400     32085  171915      16
Jason Pugh          506471355  1005     65376    6538      3862   61514       6
Sadie Oneill        113387281  1000    399252   39925     91559  307693      23
Celeste Powell      337293245  1000    403584   40358     92923  310661      23
Shawn Bray          757624552  1000    570240   57024    145420  424820      26
Saniyah Bradshaw    784649946  1001     91716    9172      8408   83308       9
Mackenzie Ballard   519661375  1006    107736   10774     11580   96156      11
Janae Holland       507485567  1006     81684    8168      6422   75262       8
Carlo Nichols       353505571  1006     86676    8668      7410   79266       9
Iris Miller         180833192  1001     79188    7919      5928   73260       7
Chelsea Mann        320429173  1000     45636    4564      1730   43906       4

